2831 4930805 103820 1
5970 2462970 195751 1
434 396389 78858 0
432 327294 56220 0
30356 661274 151374 1
1918 90241827 928182 1
40148 50215770 87477 1
1726 1319443 91548 0
748 70179 93487 0
370 453292 93323 0
129035 135855391 8005459 1
528 120876 48515 0
931 318789 156136 1
1345 1437939 32301 0
71 37400 7618 0
864 346593 152372 1
12606 87653430 114488 1
1817 90512847 968230 1
664 188321 82318 0
287 78825 85164 0
6195 2848880 170516 1
507 56152 80477 0
6161 2768182 160063 1
1184 148168 14324 0
2792 5160027 71191 1
392 108368 66056 0
263 84758 23777 0
1310 1071893 1173 0
1183 1441769 194 1
346 369586 28268 0
5914 2720095 223399 1
362 471332 86129 0
703 54492 50199 0
100007 2318474 28940 1
272 10078854 8177 1
1431 1129982 54669 0
30047 1058116 179991 1
994 387704 160198 1
211 72615 81227 0
129104 135922595 8017122 1
12488 87238966 88602 1
42 10215926 34928 1
289 120943 41079 0
129 184119 51147 0
2624 4800864 38567 1
12527 87665578 159873 1
12698 87407371 110400 1
277 301931 70696 0
1078 447698 5074 0
79 491498 49777 0
12606 87597691 100342 1
100468 2429645 55844 1
30216 899281 174216 1
737 110895 4577 0
737 580775 88263 0
1067 92771 31166 0
402 90446828 87831 1
1439 1236815 21311 1
1346 1677509 77215 1
55 88670 25217 0
12601 87439762 165513 1
573 373392 12099 0
698 258582 64103 0
13 93978 97156 0
40324 50016094 45593 1
249 176991 20506 0
1152 433575 8519 0
30296 713704 188292 1
175 353247 11937 0
30100 930806 156447 1
458 90409639 49621 1
89 490694 23287 0
494 216428 44400 0
12915 87668320 150391 1
180 180934 34798 0
162 351206 54162 0
1361 1652700 55546 1
1495 1511963 41236 1
166 498491 90693 0
12563 87643430 80319 1
6141 2913949 221101 1
1045 501872 94374 0
196 10226921 87677 1
280 440573 75860 0
1297 1465694 27378 1
315 286901 34777 0
483 264331 45098 0
1687 1022478 90333 0
129498 136071023 8078506 1
367 35450 44247 0
449 94649 22127 0
408 90685269 88766 1
154 164927 55463 0
129409 135912431 8026036 1
354 370429 3091 0
129161 136098671 8047538 1
269 10295453 40482 1
610 423969 945 0
993 148486 26686 0
992 378680 166255 1
5973 2804837 176139 1
2992 4797801 72814 1
1757 90343522 976449 1
40245 50015802 86639 1
5950 2629648 155649 1
24 493124 7618 0
1012 572540 132251 1
12524 87276337 84655 1
6165 2642548 220060 1
1051 597494 219620 1
2833 4864136 40654 1
587 167994 19577 0
129238 135858608 8089016 1
40 398387 42946 0
617 417302 7778 0
40229 50406261 65056 1
1682 1175541 20018 0
1744 90468782 993132 1
188 343031 50903 0
2950 4833804 74243 1
484 567221 56953 0
211 187239 64201 0
2672 4790001 9074 1
319 455628 38780 0
129224 135966148 8013079 1
395 352882 80904 0
190 90501905 72960 1
12479 87389225 81994 1
6114 2876612 228578 1
858 717496 216225 1
1289 1218060 77564 1
129186 135793461 8076235 1
467 169912 31711 0
1148 417373 83748 0
1282 1304748 14520 0
100327 2565031 7050 1
308 90797901 49184 1
40403 50223148 108364 1
815 485655 26009 0
2682 5073386 42066 1
529 174024 34911 0
12684 87365719 103268 1
1807 90681996 938295 1
95 457388 70601 0
1951 90464829 914118 1
12558 87412415 169922 1
492 588294 53665 0
1502 90671057 903148 1
1493 1257359 58305 0
440 34201 58308 0
30209 789844 175211 1
1573 1029169 62830 0
30186 1019079 168833 1
88 9804929 13071 1
924 280011 86731 0
1683 90640745 951958 1
460 332485 28104 0
1078 795855 163582 1
30291 928268 134338 1
14 26934 1988 0
353 400158 51498 0
1285 1345715 29314 0
295 418874 91587 0
1451 1227780 61455 0
12521 87600852 105757 1
40312 50036655 24766 1
300 9974025 60185 1
354 349359 25695 0
12 436831 65140 0
219 230647 95274 0
532 437513 78312 0
952 359851 55400 0
634 483139 1354 0
2991 4950543 19702 1
1611 1001485 18139 0
161 9952655 32535 1
1350 1008936 10572 0
30329 893286 153590 1
40296 50302710 49038 1
30268 1086600 168684 1
380 90654621 101256 1
6301 2801124 204818 1
655 428564 24790 0
5990 2658252 175457 1
129315 135978292 8067958 1
366 90495053 76319 1
40499 50350988 52169 1
1900 90452859 981106 1
100031 2459331 57809 1
129382 135840659 8098122 1
2561 4911365 104564 1
703 197237 80897 0
1504 1231944 17472 0
30433 817684 206227 1
1808 90548671 916003 1
1549 1147282 14266 0
129105 136107901 8031530 1
40238 50131223 41214 1
413 205667 83293 0
1573 1120315 52584 0
